075, Radlje ob Dravi, 2815, 46.614357, 15.225547
076, Bistrica pri Tržiču, 2813, 46.358345, 14.293081
077, Rače, 2691, 46.453667, 15.67775
078, Spodnje Hoče, 2643, 46.498028, 15.643044
079, Vrtojba, 2568, 45.91185, 13.635203
080, Škofljica, 2538, 45.985966, 14.57219
081, Borovnica, 2432, 45.919304, 14.364068
082, Vnanje Gorice, 2414, 46.005886, 14.419983
083, Polzela, 2397, 46.280895, 15.073732
084, Vojnik, 2393, 46.292057, 15.302058
085, Beltinci, 2378, 46.607914, 16.236513
086, Ig, 2306, 45.95882, 14.528272
087, Senovo, 2304, 46.019375, 15.47591
088, Črna na Koroškem, 2256, 46.470398, 14.849878
089, Jagodje/Jagodje, 2197, 45.52167, 13.640746
090, Muta, 2184, 46.609737, 15.162999
091, Rakek, 2134, 45.813164, 14.317132
092, Radenci, 2134, 46.64392, 16.040268
093, Pivka, 2117, 45.68253, 14.196058
094, Ormož, 2089, 46.408627, 16.150816
095, Kromberk, 2085, 45.957943, 13.662544
096, Koroška Bela, 2084, 46.428288, 14.100814
097, Ivančna Gorica, 2078, 45.939583, 14.804763
098, Radeče, 2066, 46.0655, 15.182119
099, Mozirje, 2021, 46.339275, 14.959981
100, Šempeter v Savinj. Dolini, 2019, 46.256184, 15.117908
101, Šentilj v Slov. goricah, 2014, 46.676, 15.66022
102, Semič, 1982, 45.652054, 15.18207
103, Renče, 1979, 45.889923, 13.669921
104, Lovrenc na Pohorju, 1972, 46.54028, 15.388482
105, Limbuš, 1967, 46.554825, 15.581777
106, Straža, 1949, 45.776844, 15.09487
107, Britof, 1947, 46.259518, 14.387113
108, Vipava, 1934, 45.845573, 13.9625435
109, Slovenski Javornik, 1930, 46.426575, 14.083302
110, Notranje Gorice, 1902, 45.98653, 14.399999
111, Sv. Anton, 1899, 45.524696, 13.8311205
112, Štore, 1896, 46.220562, 15.31543
113, Verd, 1874, 45.955948, 14.301656
114, Mislinja, 1865, 46.443974, 15.198595
115, Zgornji Duplek, 1809, 46.518208, 15.727815
116, Radizel, 1769, 46.469975, 15.654838
117, Šmarje pri Jelšah, 1767, 46.201393, 15.587383
118, Kisovec, 1767, 46.14, 14.961717
119, Bohinjska Bistrica, 1743, 46.271587, 13.956409
120, Radomlje, 1723, 46.173576, 14.611367
121, Naklo, 1722, 46.271866, 14.315693
122, Preserje pri Radomljah, 1700, 46.16793, 14.594576
123, Prebold, 1699, 46.2366, 15.091648
124, Log pri Brezovici, 1692, 46.00821, 14.359211
125, Rogoza, 1686, 46.49973, 15.680526
126, Cerklje na Gorenjskem, 1685, 46.253128, 14.486883
127, Vodice, 1645, 46.189663, 14.493854
128, Kamnica, 1644, 46.57346, 15.612525
129, Odranci, 1637, 46.58473, 16.276236
130, Mekinje, 1628, 46.234642, 14.614343
131, Hrušica, 1626, 45.54045, 14.121368
132, Dekani, 1617, 45.549034, 13.812599
133, Kokrica, 1614, 46.264355, 14.357756
134, Dob, 1598, 46.151524, 14.628066
135, Mlaka pri Kranju, 1591, 46.27158, 14.350874
136, Bovec, 1583, 46.33764, 13.551683
137, Rakičan, 1559, 46.650646, 16.195585
138, Vuzenica, 1543, 46.598083, 15.165724
139, Šmarje - Sap, 1540, 45.974396, 14.617049
140, Kranjska Gora, 1532, 46.484528, 13.785714
141, Zgornje Bitnje, 1530, 46.220924, 14.335342
142, Cerkno, 1523, 46.128956, 13.989193
143, Rogatec, 1520, 46.225887, 15.700031
144, Divača, 1511, 45.682915, 13.969722
145, Bakovci, 1493, 46.617386, 16.14788
146, Spodnji Duplek, 1491, 46.500763, 15.755038
147, Miren, 1463, 45.895374, 13.608168
148, Turnišče, 1457, 46.625458, 16.314497
149, Dol pri Hrastniku, 1453, 46.141113, 15.11592
150, Pekre, 1453, 46.54839, 15.59497
151, Šentjernej, 1451, 45.843414, 15.3378315
152, Spodnja Idrija, 1448, 46.032394, 14.025229
153, Dragomer, 1430, 46.01951, 14.383615
154, Šmarca, 1420, 46.193043, 14.594677
155, Horjul, 1417, 46.022537, 14.298627
156, Oplotnica, 1412, 46.38716, 15.445813
157, Spodnje Škofije, 1408, 45.570988, 13.7924185
158, Šmartno pri Litiji, 1389, 46.045742, 14.841005
159, Moste, 1348, 46.406864, 14.131965
160, Razvanje, 1340, 46.51572, 15.635458
161, Selnica ob Dravi, 1335, 46.579056, 15.487115
162, Zgornje Pirniče, 1334, 46.14138, 14.428202
163, Bresternica, 1312, 46.56847, 15.57908
164, Hotinja vas, 1304, 46.466434, 15.668015
165, Topolšica, 1300, 46.402737, 15.0190525
166, Bistrica ob Dravi, 1297, 46.553875, 15.551254
167, Pameče, 1296, 46.53356, 15.078561
168, Hrvatini, 1276, 45.581158, 13.765824
169, Mirna, 1263, 45.95131, 15.062445
170, Zgornja Polskava, 1250, 46.426186, 15.610338
171, Trnovlje pri Celju, 1245, 46.252384, 15.293097
172, Prvačina, 1245, 45.88947, 13.714945
173, Černelavci, 1244, 46.667862, 16.139479
174, Dornava, 1243, 46.43565, 15.952954
175, Seča, 1239, 45.495464, 13.6120205
176, Pobegi, 1234, 45.539597, 13.796669
177, Šmartno pri Slovenj Gradcu, 1231, 46.49295, 15.105957
178, Kanal, 1205, 46.08538, 13.634308
179, Gotovlje, 1204, 46.258785, 15.155433
180, Bilje, 1200, 45.893944, 13.637315
181, Prade/Prade, 1186, 45.538807, 13.774904
182, Izlake, 1178, 46.154415, 14.9301
183, Deskle, 1168, 46.053127, 13.613736
184, Kidričevo, 1168, 46.405014, 15.7947235
185, Gorenja vas, 1157, 46.10577, 14.143746
186, Črenšovci, 1153, 46.572002, 16.287735
187, Krog, 1141, 46.636707, 16.137604
188, Šempas, 1140, 45.92829, 13.743617
189, Pragersko, 1140, 46.395103, 15.659155
190, Golnik, 1135, 46.326996, 14.333268
191, Lokavec, 1128, 45.90158, 13.880351
192, Poljčane, 1125, 46.31416, 15.578467
193, Mojstrana, 1123, 46.4613, 13.939539
194, Morje, 1120, 46.44382, 15.613207
195, Sv. Duh, 1106, 46.181828, 14.323607
196, Kobarid, 1090, 46.245697, 13.578695
197, Ravne, 1086, 46.544834, 14.966044
198, Lipovci, 1085, 46.626137, 16.225515
200, Benedikt, 1078, 46.607574, 15.889694
201, Ljubečna, 1077, 46.26383, 15.319767
202, Legen, 1077, 46.501045, 15.107784
203, Zasip, 1055, 46.38891, 14.10716
204, Višnja Gora, 1055, 45.954937, 14.743976
205, Ljubno ob Savinji, 1054, 46.34431, 14.8335495
206, Skoke, 1047, 46.485943, 15.694386
207, Središče ob Dravi, 1044, 46.395927, 16.27049
208, Kotlje, 1040, 46.520462, 14.985997
209, Selnica ob Muri, 1027, 46.68773, 15.699021
210, Gradiška, 1023, 46.619858, 15.642079
211, Leskovec pri Krškem, 1018, 45.940228, 15.477318
212, Podgorje, 1017, 45.528023, 13.9525
213, Fram, 1017, 46.45421, 15.632947
214, Žužemberk, 1016, 45.83067, 14.929823
215, Parecag, 1015, 45.48406, 13.636796
216, Šentvid pri Stični, 1014, 45.9536, 14.838636
217, Hrastje, 1011, 46.21825, 14.3854685
218, Gornji Grad, 1004, 46.296173, 14.806234